
													QUELQUES GRILLES POUR TESTER


grille : 
    .byte 5, 3, 0, 0, 7, 0, 0, 0, 0
    .byte 6, 0, 0, 1, 9, 5, 0, 0, 0
    .byte 0, 9, 8, 0, 0, 0, 0, 6, 0
    .byte 8, 0, 0, 0, 6, 0, 0, 0, 3
    .byte 4, 0, 0, 8, 0, 3, 0, 0, 1
    .byte 7, 0, 0, 0, 2, 0, 0, 0, 6
    .byte 0, 6, 0, 0, 0, 0, 2, 8, 0
    .byte 0, 0, 0, 4, 1, 9, 0, 0, 5
    .byte 0, 0, 0, 0, 8, 0, 0, 7, 9





grille :
    .byte 0, 6, 7, 9, 0, 5, 0, 4, 2
    .byte 0, 9, 0, 0, 0, 8, 0, 3, 0
    .byte 0, 0, 0, 7, 1, 2, 0, 9, 0
    .byte 0, 0, 6, 1, 0, 0, 0, 0, 0
    .byte 0, 0, 9, 0, 0, 0, 0, 2, 5
    .byte 0, 0, 8, 0, 2, 4, 9, 0, 3
    .byte 8, 2, 5, 0, 0, 1, 6, 0, 9
    .byte 0, 0, 0, 0, 0, 0, 0, 1, 0
    .byte 0, 0, 0, 0, 7, 9, 0, 0, 4





grille :        
    .byte 0, 0, 0, 4, 0, 0, 8, 7, 0
    .byte 0, 4, 7, 0, 9, 2, 0, 5, 0
    .byte 2, 0, 0, 6, 0, 0, 0, 3, 0
    .byte 9, 7, 0, 5, 0, 0, 2, 0, 3
    .byte 5, 0, 8, 0, 2, 4, 7, 0, 6
    .byte 6, 0, 4, 0, 0, 7, 0, 8, 5
    .byte 0, 9, 0, 3, 0, 8, 0, 0, 7
    .byte 0, 0, 3, 2, 4, 0, 1, 6, 0
    .byte 0, 1, 2, 0, 0, 0, 0, 9, 0




grille :            
    .byte 0, 4, 0, 0, 0, 2, 0, 1, 9
    .byte 0, 0, 0, 3, 5, 1, 0, 8, 6
    .byte 3, 1, 0, 0, 9, 4, 7, 0, 0
    .byte 0, 9, 4, 0, 0, 0, 0, 0, 7
    .byte 0, 0, 0, 0, 0, 0, 0, 0, 0
    .byte 2, 0, 0, 0, 0, 0, 8, 9, 0
    .byte 0, 0, 9, 5, 2, 0, 0, 4, 1
    .byte 4, 2, 0, 1, 6, 9, 0, 0, 0
    .byte 1, 6, 0, 8, 0, 0, 0, 7, 0




grille :        
    .byte 0, 3, 0, 5, 6, 0, 0, 0, 8
    .byte 5, 6, 7, 0, 1, 0, 9, 0, 0
    .byte 9, 0, 0, 3, 4, 7, 2, 0, 0
    .byte 0, 2, 9, 0, 0, 0, 0, 8, 0
    .byte 3, 0, 1, 9, 8, 6, 5, 2, 0
    .byte 0, 0, 0, 0, 0, 1, 0, 3, 9
    .byte 0, 5, 2, 0, 9, 0, 3, 0, 0
    .byte 0, 0, 0, 2, 0, 0, 1, 0, 5
    .byte 7, 9, 0, 1, 0, 0, 0, 0, 0




    
grille :
    .byte 1, 0, 0, 0, 0, 7, 0, 9, 0
    .byte 0, 3, 0, 0, 2, 0, 0, 0, 8
    .byte 0, 0, 9, 6, 0, 0, 5, 0, 0
    .byte 0, 0, 5, 3, 0, 0, 9, 0, 0
    .byte 0, 1, 0, 0, 8, 0, 0, 0, 2
    .byte 6, 0, 0, 0, 0, 4, 0, 0, 0
    .byte 3, 0, 0, 0, 0, 0, 0, 1, 0
    .byte 0, 4, 0, 0, 0, 0, 0, 0, 7
    .byte 0, 0, 7, 0, 0, 0, 3, 0, 0
